59.666666666666664
51.0
77.33333333333333
76.0
42.0
40.0
62.333333333333336
51.0
39.333333333333336
49.0
46.333333333333336
79.0
50.666666666666664
53.666666666666664
58.666666666666664
33.666666666666664
79.33333333333333
57.0
75.0
64.33333333333333
54.0
55.333333333333336
64.0
62.666666666666664
81.33333333333333
53.0
62.333333333333336
46.0
48.333333333333336
63.333333333333336
73.66666666666667
72.66666666666667
69.66666666666667
75.0
76.0
81.0
53.333333333333336
56.666666666666664
81.66666666666667
47.0
81.0
64.33333333333333
70.66666666666667
55.666666666666664
55.0
59.666666666666664
59.666666666666664
63.0
36.333333333333336
57.666666666666664
68.66666666666667
66.17647058823529 59.35294117647059 56.470588235294116 